1 TEXTURES
stone.ppm
5 SECTORS_AND_ACTORS
SECTOR S0
16 10
0 20.462690 3.000000 11.259827
1 15.847899 3.000000 15.094367
2 20.462690 0.000000 11.259827
3 15.847899 0.000000 15.094367
4 15.847899 6.000000 15.094367
5 20.462690 6.000000 11.259827
6 18.155293 6.000000 13.177096
7 18.155293 0.000000 13.177096
8 8.817910 3.000000 6.633913
9 13.432702 3.000000 2.799374
10 8.817910 0.000000 6.633913
11 13.432702 0.000000 2.799374
12 13.432702 6.000000 2.799374
13 8.817910 6.000000 6.633913
14 11.125306 6.000000 4.716643
15 11.125306 0.000000 4.716643
GEOMPOLY 4 2 11 15 7
GEOMPOLY 4 5 12 9 0
GEOMPOLY 4 6 14 12 5
GEOMPOLY 4 4 13 14 6
GEOMPOLY 4 1 8 13 4
GEOMPOLY 4 7 15 10 3
GEOMPOLY 4 3 10 8 1
GEOMPOLY 4 11 2 0 9
PORTALPOLY 8 15 11 9 12 14 13 8 10 S3
PORTALPOLY 8 2 7 3 1 4 6 5 0 S1
SECTOR S1
28 34
0 20.462690 3.000000 11.259827
1 20.462690 9.000000 11.259827
2 15.847898 9.000000 15.094367
3 15.847898 3.000000 15.094367
4 20.462690 0.000000 11.259827
5 15.847898 0.000000 15.094367
6 15.847898 12.000000 15.094367
7 15.847898 6.000000 15.094367
8 20.462690 6.000000 11.259827
9 18.155293 9.000000 13.177096
10 20.462690 12.000000 11.259827
11 13.540501 3.000000 17.011637
12 13.540501 9.000000 17.011637
13 22.770086 9.000000 9.342558
14 22.770086 3.000000 9.342558
15 18.155293 6.000000 13.177096
16 22.770086 6.000000 9.342558
17 13.540501 6.000000 17.011637
18 18.155293 12.000000 13.177096
19 18.155293 0.000000 13.177096
20 29.800074 12.000000 17.803007
21 20.570490 12.000000 25.472090
22 13.540501 12.000000 17.011637
23 22.770086 12.000000 9.342558
24 29.800074 0.000000 17.803007
25 20.570490 0.000000 25.472090
26 13.540501 0.000000 17.011637
27 22.770086 0.000000 9.342558
GEOMPOLY 4 10 1 13 23
GEOMPOLY 4 7 2 12 17
GEOMPOLY 4 12 2 6 22
GEOMPOLY 4 14 16 8 0
GEOMPOLY 4 9 2 7 15
GEOMPOLY 4 5 3 11 26
GEOMPOLY 3 18 21 6
GEOMPOLY 4 6 2 9 18
GEOMPOLY 3 10 20 18
GEOMPOLY 3 19 24 4
GEOMPOLY 4 9 1 10 18
GEOMPOLY 3 20 21 18
GEOMPOLY 4 8 1 9 15
GEOMPOLY 3 5 25 19
GEOMPOLY 4 13 1 8 16
GEOMPOLY 3 25 24 19
GEOMPOLY 3 22 21 12
GEOMPOLY 3 26 25 5
GEOMPOLY 3 27 24 14
GEOMPOLY 3 23 20 10
GEOMPOLY 3 16 20 13
GEOMPOLY 4 11 3 7 17
GEOMPOLY 3 17 25 11
GEOMPOLY 3 27 4 24
GEOMPOLY 3 22 6 21
GEOMPOLY 4 4 27 14 0
GEOMPOLY 3 11 25 26
GEOMPOLY 4 21 20 24 25
GEOMPOLY 3 23 13 20
GEOMPOLY 3 14 24 16
GEOMPOLY 3 24 20 16
GEOMPOLY 3 12 21 17
GEOMPOLY 3 21 25 17
PORTALPOLY 8 0 8 15 7 3 5 19 4 S0
SECTOR S2
28 34
0 -0.519476 0.000000 0.090729
1 8.710111 0.000000 -7.578349
2 1.680122 0.000000 -16.038803
3 -7.549464 0.000000 -8.369725
4 -0.519476 12.000000 0.090729
5 8.710111 12.000000 -7.578349
6 1.680122 12.000000 -16.038803
7 -7.549464 12.000000 -8.369725
8 4.095317 0.000000 -3.743811
9 4.095317 12.000000 -3.743811
10 8.710111 6.000000 -7.578349
11 -0.519476 6.000000 0.090729
12 4.095317 6.000000 -3.743811
13 -0.519476 3.000000 0.090729
14 -0.519476 9.000000 0.090729
15 8.710111 9.000000 -7.578349
16 8.710111 3.000000 -7.578349
17 1.787921 12.000000 -1.826541
18 4.095317 9.000000 -3.743811
19 1.787921 6.000000 -1.826541
20 6.402714 6.000000 -5.661080
21 6.402714 12.000000 -5.661080
22 6.402714 0.000000 -5.661080
23 1.787921 0.000000 -1.826541
24 6.402714 3.000000 -5.661080
25 6.402714 9.000000 -5.661080
26 1.787921 9.000000 -1.826541
27 1.787921 3.000000 -1.826541
GEOMPOLY 4 17 26 14 4
GEOMPOLY 4 20 25 15 10
GEOMPOLY 4 15 25 21 5
GEOMPOLY 4 13 11 19 27
GEOMPOLY 4 18 25 20 12
GEOMPOLY 4 22 24 16 1
GEOMPOLY 3 9 6 21
GEOMPOLY 4 21 25 18 9
GEOMPOLY 3 17 7 9
GEOMPOLY 3 8 3 23
GEOMPOLY 4 18 26 17 9
GEOMPOLY 3 7 6 9
GEOMPOLY 4 19 26 18 12
GEOMPOLY 3 22 2 8
GEOMPOLY 4 14 26 19 11
GEOMPOLY 3 2 3 8
GEOMPOLY 3 5 6 15
GEOMPOLY 3 1 2 22
GEOMPOLY 3 13 0 3
GEOMPOLY 3 4 7 17
GEOMPOLY 3 11 7 14
GEOMPOLY 4 16 24 20 10
GEOMPOLY 3 10 2 16
GEOMPOLY 3 3 0 23
GEOMPOLY 3 5 21 6
GEOMPOLY 4 13 27 23 0
GEOMPOLY 3 16 2 1
GEOMPOLY 4 6 7 3 2
GEOMPOLY 3 4 14 7
GEOMPOLY 3 13 3 11
GEOMPOLY 3 3 7 11
GEOMPOLY 3 15 6 10
GEOMPOLY 3 6 2 10
PORTALPOLY 8 27 19 12 20 24 22 8 23 S3
SECTOR S3
16 10
0 1.787921 3.000000 -1.826541
1 6.402714 3.000000 -5.661080
2 1.787921 0.000000 -1.826541
3 6.402714 0.000000 -5.661080
4 6.402714 6.000000 -5.661080
5 1.787921 6.000000 -1.826541
6 4.095317 6.000000 -3.743811
7 4.095317 0.000000 -3.743811
8 11.125306 0.000000 4.716643
9 11.125306 6.000000 4.716643
10 8.817910 6.000000 6.633913
11 13.432702 6.000000 2.799374
12 13.432702 0.000000 2.799374
13 8.817910 0.000000 6.633913
14 13.432702 3.000000 2.799374
15 8.817910 3.000000 6.633913
GEOMPOLY 4 2 13 8 7
GEOMPOLY 4 5 10 15 0
GEOMPOLY 4 6 9 10 5
GEOMPOLY 4 4 11 9 6
GEOMPOLY 4 1 14 11 4
GEOMPOLY 4 7 8 12 3
GEOMPOLY 4 3 12 14 1
GEOMPOLY 4 13 2 0 15
PORTALPOLY 8 8 13 15 10 9 11 14 12 S0
PORTALPOLY 8 2 7 3 1 4 6 5 0 S2
CAMERA CAM1 noplugin.so 0 0 0 1 0 0 0 1 0 0 0 1
