3 TEXTURES
floor.ppm
lamp.ppm
wall.ppm
8 SECTORS_AND_ACTORS
SECTOR HALL1
55 15
0 20.387943 -9.533827 -10.736717
1 30.332945 -9.533829 -10.736717
2 20.387941 -19.478825 -10.736717
3 20.387943 -10.533827 10.263283
4 30.332945 -10.533829 10.263283
5 20.387941 -20.478825 10.263281
6 22.874193 -20.506325 7.107890
7 27.846695 -20.506325 7.107889
8 22.874191 -20.506325 2.135391
9 22.874193 0.889999 7.107890
10 27.846695 0.889999 7.107889
11 22.874191 0.889999 2.135391
12 19.889997 -19.889999 9.945000
13 19.889997 -19.889999 -9.944998
14 19.889996 0.000000 -9.945005
15 19.889999 0.000000 9.944996
16 59.889999 -19.889999 9.945000
17 59.889999 -19.889999 -9.944998
18 59.889996 0.000000 -9.945004
19 59.889999 0.000000 9.944996
20 39.889999 0.000000 9.944996
21 39.889996 0.000000 -9.945004
22 39.889999 -19.889999 -9.944998
23 39.889999 -19.889999 9.945000
24 31.796473 -10.761746 1.510605
25 32.796471 -10.761746 1.510605
26 31.796473 -10.761746 1.510605
27 32.796471 -10.761746 1.510605
28 31.796473 -10.761746 1.510605
29 32.796471 -10.761746 1.510605
30 31.796473 -10.761746 1.510605
31 32.796471 -10.761746 1.510605
32 31.796473 -10.761746 1.510605
33 32.796471 -10.761746 1.510605
34 31.796473 -10.761746 1.510605
35 31.796473 -10.761746 2.510604
36 31.796473 -10.761746 1.510605
37 31.796473 -9.761746 1.510605
38 32.796471 -11.261746 1.010605
39 32.796471 -10.261746 2.010605
40 32.796471 -10.261746 1.010605
41 32.796471 -11.261746 2.010605
42 31.796473 -10.761746 1.510605
43 32.796471 -10.761746 1.510605
44 31.796473 -10.761746 1.510605
45 31.796473 -10.761746 2.510604
46 31.796473 -10.761746 1.510605
47 31.796473 -10.761746 2.510604
48 31.796473 -10.761746 1.510605
49 31.796473 -10.761746 2.510604
50 31.796473 -10.761746 1.510605
51 31.796473 -10.761746 2.510604
52 60.360443 -19.478828 0.235781
53 60.360443 -9.533823 -9.709213
54 60.360443 -19.478825 -9.709217
GEOMPOLY_TEX 3 1 0 2 2 20.387943 -9.533827 -10.736717  20.387941 -19.478825 -10.736717  30.332945 -9.533829 -10.736717 
GEOMPOLY_TEX 4 17 22 23 16 0 22.874193 -20.506325 7.107890  27.846695 -20.506325 7.107889  22.874191 -20.506325 2.135391 
GEOMPOLY_TEX 3 5 3 4 2 20.387943 -10.533827 10.263283  30.332945 -10.533829 10.263283  20.387941 -20.478825 10.263281 
GEOMPOLY_TEX 4 19 18 17 16 2 60.360443 -19.478825 -9.709217  60.360443 -19.478828 0.235781  60.360443 -9.533823 -9.709213 
GEOMPOLY_TEX 3 8 6 7 0 22.874193 -20.506325 7.107890  27.846695 -20.506325 7.107889  22.874191 -20.506325 2.135391 
GEOMPOLY_TEX 3 54 52 53 2 60.360443 -19.478825 -9.709217  60.360443 -19.478828 0.235781  60.360443 -9.533823 -9.709213 
GEOMPOLY_TEX 3 9 11 10 1 22.874193 0.889999 7.107890  22.874191 0.889999 2.135391  27.846695 0.889999 7.107889 
GEOMPOLY_TEX 4 22 13 12 23 0 22.874193 -20.506325 7.107890  27.846695 -20.506325 7.107889  22.874191 -20.506325 2.135391 
GEOMPOLY_TEX 4 14 21 20 15 1 22.874193 0.889999 7.107890  22.874191 0.889999 2.135391  27.846695 0.889999 7.107889 
GEOMPOLY_TEX 4 15 20 23 12 2 20.387943 -10.533827 10.263283  30.332945 -10.533829 10.263283  20.387941 -20.478825 10.263281 
GEOMPOLY_TEX 4 13 22 21 14 2 20.387943 -9.533827 -10.736717  20.387941 -19.478825 -10.736717  30.332945 -9.533829 -10.736717 
GEOMPOLY_TEX 4 22 17 18 21 2 20.387943 -9.533827 -10.736717  20.387941 -19.478825 -10.736717  30.332945 -9.533829 -10.736717 
GEOMPOLY_TEX 4 21 18 19 20 1 22.874193 0.889999 7.107890  22.874191 0.889999 2.135391  27.846695 0.889999 7.107889 
PORTALPOLY 4 16 23 20 19 HALL2
PORTALPOLY 4 12 13 14 15 ROOM1
CAMERA CAM01 no_plugin 52.039791 -11.711130 -5.384823 1.000000 0.000000 0.000000 0.000000 1.000000 0.000000 0.000000 0.000000 1.000000 
SECTOR HALL2
48 10
0 60.896450 -19.478827 20.083054
1 60.896450 -9.533823 10.138059
2 60.896450 -19.478823 10.138056
3 38.896450 -9.533825 10.138056
4 38.896450 -9.533827 20.083057
5 38.896450 -19.478823 10.138054
6 43.410198 1.493676 17.596806
7 48.382702 1.493676 12.624308
8 43.410202 1.493676 12.624306
9 43.410202 -20.506325 32.624306
10 48.382702 -20.506325 32.624306
11 43.410198 -20.506325 37.596806
12 60.000000 -20.000000 40.000000
13 60.000000 0.000000 40.000000
14 40.000000 0.000000 40.000000
15 40.000000 -20.000000 40.000000
16 39.889999 -19.889999 9.945000
17 39.889999 0.000000 9.944996
18 59.889999 0.000000 9.944996
19 59.889999 -19.889999 9.945000
20 49.945000 -9.972500 24.972500
21 50.945000 -9.972500 24.972500
22 49.945000 -9.972500 24.972500
23 50.945000 -9.972500 24.972500
24 49.945000 -9.972500 24.972500
25 50.945000 -9.972500 24.972500
26 49.945000 -9.972500 24.972500
27 50.945000 -9.972500 24.972500
28 49.945000 -9.972500 24.972500
29 50.945000 -9.972500 24.972500
30 49.945000 -9.972500 24.972500
31 49.945000 -9.972500 25.972500
32 49.945000 -9.972500 24.972500
33 49.945000 -8.972500 24.972500
34 50.945000 -10.472500 24.472500
35 50.945000 -9.472500 25.472500
36 50.945000 -9.472500 24.472500
37 50.945000 -10.472500 25.472500
38 49.945000 -9.972500 24.972500
39 49.945000 -9.972500 25.972500
40 49.945000 -9.972500 24.972500
41 49.945000 -9.972500 25.972500
42 49.945000 -9.972500 24.972500
43 49.945000 -9.972500 25.972500
44 49.945000 -9.972500 24.972500
45 49.945000 -9.972500 25.972500
46 49.945000 -9.972500 24.972500
47 49.945000 -9.972500 25.972500
GEOMPOLY_TEX 3 2 0 1 2 60.896450 -19.478823 10.138056  60.896450 -19.478827 20.083054  60.896450 -9.533823 10.138059 
GEOMPOLY_TEX 3 4 5 3 2 38.896450 -9.533825 10.138056  38.896450 -9.533827 20.083057  38.896450 -19.478823 10.138054 
GEOMPOLY_TEX 3 7 6 8 1 43.410202 1.493676 12.624306  48.382702 1.493676 12.624308  43.410198 1.493676 17.596806 
GEOMPOLY_TEX 3 11 10 9 0 43.410202 -20.506325 32.624306  43.410198 -20.506325 37.596806  48.382702 -20.506325 32.624306 
GEOMPOLY_TEX 4 16 15 12 19 0 43.410202 -20.506325 32.624306  43.410198 -20.506325 37.596806  48.382702 -20.506325 32.624306 
GEOMPOLY_TEX 4 18 19 12 13 2 60.896450 -19.478823 10.138056  60.896450 -19.478827 20.083054  60.896450 -9.533823 10.138059 
GEOMPOLY_TEX 4 18 13 14 17 1 43.410202 1.493676 12.624306  48.382702 1.493676 12.624308  43.410198 1.493676 17.596806 
GEOMPOLY_TEX 4 17 14 15 16 2 38.896450 -9.533825 10.138056  38.896450 -9.533827 20.083057  38.896450 -19.478823 10.138054 
PORTALPOLY 4 12 15 14 13 ROOM2
PORTALPOLY 4 16 19 18 17 HALL1
SECTOR ROOM1
143 98
0 -0.246291 0.143763 0.989692
1 -0.246291 0.143763 -0.010308
2 -0.246291 0.143763 0.989692
3 -0.246291 0.143763 -0.010308
4 0.753709 0.143763 -0.010308
5 -0.246291 0.143763 -0.010308
6 0.753709 0.143763 -0.010308
7 -0.246291 0.143763 -0.010308
8 -0.246291 0.143763 0.989692
9 -0.246291 0.143763 -0.010308
10 0.753709 -0.356237 0.489692
11 0.753709 0.643763 -0.510308
12 0.753709 0.643763 0.489692
13 0.753709 -0.356237 -0.510308
14 -0.246291 1.143763 -0.010308
15 -0.246291 0.143763 -0.010308
16 -0.246291 0.143763 0.989692
17 -0.246291 0.143763 -0.010308
18 0.753709 0.143763 -0.010308
19 -0.246291 0.143763 -0.010308
20 0.753709 0.143763 -0.010308
21 -0.246291 0.143763 -0.010308
22 0.753709 0.143763 -0.010308
23 -0.246291 0.143763 -0.010308
24 0.753709 0.143763 -0.010308
25 -0.246291 0.143763 -0.010308
26 0.753709 0.143763 -0.010308
27 -0.246291 0.143763 -0.010308
28 19.889997 -19.889999 19.889999
29 19.889997 -19.889999 -19.889997
30 -19.890005 -19.889999 -19.889994
31 -19.889994 -19.889999 19.890009
32 19.890009 19.889999 19.889992
33 19.889986 19.889999 -19.890009
34 -19.890009 19.889999 -19.889992
35 -19.889999 19.889999 19.890001
36 -0.000004 -19.889999 -19.889996
37 15.889997 -19.889999 0.000001
38 0.000002 -19.889999 19.890003
39 -19.889999 -19.889999 0.000008
40 19.889997 19.889999 -0.000009
41 -0.000011 19.889999 -19.889999
42 -19.890003 19.889999 0.000005
43 0.000005 19.889999 19.889996
44 19.889992 0.000000 -19.890003
45 19.890003 0.000000 19.889996
46 -19.890007 0.000000 -19.889992
47 -19.889996 0.000000 19.890005
48 0.000003 0.000000 19.889999
49 -19.890001 0.000000 0.000006
50 -0.000008 0.000000 -19.889997
51 19.889997 4.000000 -0.000004
52 -0.000003 19.889999 -0.000002
53 -0.000001 -19.889999 0.000004
54 -9.944998 19.889999 19.889999
55 0.000004 9.945000 19.889997
56 -9.944996 0.000000 19.890003
57 -19.889997 9.945000 19.890003
58 19.890007 9.945000 19.889994
59 9.945004 0.000000 19.889997
60 9.945007 19.889999 19.889994
61 9.945000 -19.889999 19.890001
62 0.000003 -9.945000 19.890001
63 19.889999 -9.945000 19.889997
64 -19.889996 -9.945000 19.890007
65 -9.944996 -19.889999 19.890007
66 -19.890007 19.889999 -9.944994
67 -19.890003 9.945000 0.000005
68 -19.890003 0.000000 -9.944993
69 -19.890007 9.945000 -19.889992
70 -19.889999 0.000000 9.945005
71 -19.890001 19.889999 9.945004
72 -19.889996 -19.889999 9.945008
73 -19.889999 -9.945000 0.000007
74 -19.890007 -9.945000 -19.889992
75 -19.890003 -19.889999 -9.944993
76 9.944987 19.889999 -19.890003
77 -0.000010 9.945000 -19.889999
78 9.944992 0.000000 -19.889999
79 19.889988 9.945000 -19.890007
80 -9.945007 0.000000 -19.889996
81 -9.945010 19.889999 -19.889996
82 -9.945004 -19.889999 -19.889996
83 -0.000006 -9.945000 -19.889996
84 19.889996 -9.945000 -19.889999
85 9.944997 -19.889999 -19.889996
86 19.890003 19.889999 9.944992
87 19.889997 9.945000 -0.000006
88 19.889999 0.000000 9.944996
89 19.889996 0.000000 -9.945004
90 19.889992 19.889999 -9.945009
91 19.889997 -19.889999 -9.944998
92 19.889997 -19.889999 9.945000
93 -9.945004 19.889999 0.000001
94 0.000001 19.889999 9.944997
95 -0.000007 19.889999 -9.945001
96 9.944997 19.889999 -0.000005
97 0.000000 -19.889999 9.945004
98 -9.945000 -19.889999 0.000006
99 9.944998 -19.889999 0.000003
100 -0.000002 -19.889999 -9.944996
101 9.944998 -19.889999 -9.944997
102 9.944999 -19.889999 9.945002
103 -9.944998 -19.889999 9.945006
104 9.944992 19.889999 -9.945004
105 -9.945006 19.889999 -9.944997
106 -9.945001 19.889999 9.945000
107 19.889996 -9.945000 -14.945001
108 19.889994 9.945000 -9.945006
109 19.890001 9.945000 9.944994
110 -9.945005 -9.945000 -19.889996
111 -9.945009 9.945000 -19.889996
112 9.944990 9.945000 -19.890003
113 -19.889997 -9.945000 9.945007
114 -19.889999 9.945000 9.945004
115 -19.890005 9.945000 -9.944993
116 9.945002 -9.945000 19.889999
117 9.945005 9.945000 19.889996
118 -9.944997 9.945000 19.889999
119 -9.944996 -9.945000 19.890003
120 -19.890003 -9.945000 -9.944993
121 9.944994 -9.945000 -19.889999
122 19.889999 -9.945000 13.944998
123 9.945002 19.889999 9.944994
124 -9.945003 -19.889999 -9.944994
125 20.643427 19.889999 -9.945009
126 20.643423 9.945000 -19.890007
127 20.643421 19.889999 -19.890009
128 -20.356579 19.889999 -19.890009
129 -20.356577 9.945000 -19.890007
130 -20.356573 19.889999 -9.945009
131 9.164055 -20.055000 -20.917511
132 19.109051 -10.110001 -20.917507
133 19.109055 -20.055000 -20.917505
134 -19.835945 19.889999 21.082495
135 -19.835943 9.945000 21.082493
136 -9.890944 19.889999 21.082489
137 -17.403751 20.889999 12.431253
138 -12.431249 20.889999 17.403751
139 -17.403749 20.889999 17.403751
140 -17.403749 -20.904541 -12.390789
141 -12.431249 -20.904541 -12.390789
142 -17.403751 -20.904541 -17.363287
GEOMPOLY_TEX 4 57 114 71 35 2 -20.356579 19.889999 -19.890009  -20.356573 19.889999 -9.945009  -20.356577 9.945000 -19.890007 
GEOMPOLY_TEX 4 72 113 64 31 2 -20.356579 19.889999 -19.890009  -20.356573 19.889999 -9.945009  -20.356577 9.945000 -19.890007 
GEOMPOLY_TEX 4 76 112 79 33 2 19.109055 -20.055000 -20.917505  19.109051 -10.110001 -20.917507  9.164055 -20.055000 -20.917511 
GEOMPOLY_TEX 4 69 111 81 34 2 19.109055 -20.055000 -20.917505  19.109051 -10.110001 -20.917507  9.164055 -20.055000 -20.917511 
GEOMPOLY_TEX 4 80 110 83 50 2 19.109055 -20.055000 -20.917505  19.109051 -10.110001 -20.917507  9.164055 -20.055000 -20.917511 
GEOMPOLY_TEX 4 82 110 74 30 2 19.109055 -20.055000 -20.917505  19.109051 -10.110001 -20.917507  9.164055 -20.055000 -20.917511 
GEOMPOLY_TEX 4 74 110 80 46 2 19.109055 -20.055000 -20.917505  19.109051 -10.110001 -20.917507  9.164055 -20.055000 -20.917511 
GEOMPOLY_TEX 4 86 109 58 32 2 20.643421 19.889999 -19.890009  20.643423 9.945000 -19.890007  20.643427 19.889999 -9.945009 
GEOMPOLY_TEX 4 80 111 69 46 2 19.109055 -20.055000 -20.917505  19.109051 -10.110001 -20.917507  9.164055 -20.055000 -20.917511 
GEOMPOLY_TEX 4 79 108 90 33 2 20.643421 19.889999 -19.890009  20.643423 9.945000 -19.890007  20.643427 19.889999 -9.945009 
GEOMPOLY_TEX 4 77 111 80 50 2 19.109055 -20.055000 -20.917505  19.109051 -10.110001 -20.917507  9.164055 -20.055000 -20.917511 
GEOMPOLY_TEX 4 91 107 84 29 2 20.643421 19.889999 -19.890009  20.643423 9.945000 -19.890007  20.643427 19.889999 -9.945009 
GEOMPOLY_TEX 4 98 53 100 124 0 -17.403749 -20.904541 -12.390789  -12.431249 -20.904541 -12.390789  -17.403751 -20.904541 -17.363287 
GEOMPOLY_TEX 4 81 111 77 41 2 19.109055 -20.055000 -20.917505  19.109051 -10.110001 -20.917507  9.164055 -20.055000 -20.917511 
GEOMPOLY_TEX 4 71 106 54 35 1 -17.403749 20.889999 17.403751  -17.403751 20.889999 12.431253  -12.431249 20.889999 17.403751 
GEOMPOLY_TEX 4 100 36 82 124 0 -17.403749 -20.904541 -12.390789  -12.431249 -20.904541 -12.390789  -17.403751 -20.904541 -17.363287 
GEOMPOLY_TEX 4 77 112 76 41 2 19.109055 -20.055000 -20.917505  19.109051 -10.110001 -20.917507  9.164055 -20.055000 -20.917511 
GEOMPOLY_TEX 4 81 105 66 34 1 -17.403749 20.889999 17.403751  -17.403751 20.889999 12.431253  -12.431249 20.889999 17.403751 
GEOMPOLY_TEX 3 107 91 89 2 20.643421 19.889999 -19.890009  20.643423 9.945000 -19.890007  20.643427 19.889999 -9.945009 
GEOMPOLY_TEX 4 78 112 77 50 2 19.109055 -20.055000 -20.917505  19.109051 -10.110001 -20.917507  9.164055 -20.055000 -20.917511 
GEOMPOLY_TEX 3 92 122 88 2 20.643421 19.889999 -19.890009  20.643423 9.945000 -19.890007  20.643427 19.889999 -9.945009 
GEOMPOLY_TEX 4 79 112 78 44 2 19.109055 -20.055000 -20.917505  19.109051 -10.110001 -20.917507  9.164055 -20.055000 -20.917511 
GEOMPOLY_TEX 3 89 88 51 2 20.643421 19.889999 -19.890009  20.643423 9.945000 -19.890007  20.643427 19.889999 -9.945009 
GEOMPOLY_TEX 4 73 113 72 39 2 -20.356579 19.889999 -19.890009  -20.356573 19.889999 -9.945009  -20.356577 9.945000 -19.890007 
GEOMPOLY_TEX 3 92 91 37 0 -17.403749 -20.904541 -12.390789  -12.431249 -20.904541 -12.390789  -17.403751 -20.904541 -17.363287 
GEOMPOLY_TEX 4 70 113 73 49 2 -20.356579 19.889999 -19.890009  -20.356573 19.889999 -9.945009  -20.356577 9.945000 -19.890007 
GEOMPOLY_TEX 3 135 134 136 2 -19.835945 19.889999 21.082495  -9.890944 19.889999 21.082489  -19.835943 9.945000 21.082493 
GEOMPOLY_TEX 4 90 104 76 33 1 -17.403749 20.889999 17.403751  -17.403751 20.889999 12.431253  -12.431249 20.889999 17.403751 
GEOMPOLY_TEX 4 65 103 72 31 0 -17.403749 -20.904541 -12.390789  -12.431249 -20.904541 -12.390789  -17.403751 -20.904541 -17.363287 
GEOMPOLY_TEX 4 92 102 61 28 0 -17.403749 -20.904541 -12.390789  -12.431249 -20.904541 -12.390789  -17.403751 -20.904541 -17.363287 
GEOMPOLY_TEX 4 85 101 91 29 0 -17.403749 -20.904541 -12.390789  -12.431249 -20.904541 -12.390789  -17.403751 -20.904541 -17.363287 
GEOMPOLY_TEX 4 64 113 70 47 2 -20.356579 19.889999 -19.890009  -20.356573 19.889999 -9.945009  -20.356577 9.945000 -19.890007 
GEOMPOLY_TEX 4 100 101 85 36 0 -17.403749 -20.904541 -12.390789  -12.431249 -20.904541 -12.390789  -17.403751 -20.904541 -17.363287 
GEOMPOLY_TEX 4 70 114 57 47 2 -20.356579 19.889999 -19.890009  -20.356573 19.889999 -9.945009  -20.356577 9.945000 -19.890007 
GEOMPOLY_TEX 4 99 101 100 53 0 -17.403749 -20.904541 -12.390789  -12.431249 -20.904541 -12.390789  -17.403751 -20.904541 -17.363287 
GEOMPOLY_TEX 4 67 114 70 49 2 -20.356579 19.889999 -19.890009  -20.356573 19.889999 -9.945009  -20.356577 9.945000 -19.890007 
GEOMPOLY_TEX 4 91 101 99 37 0 -17.403749 -20.904541 -12.390789  -12.431249 -20.904541 -12.390789  -17.403751 -20.904541 -17.363287 
GEOMPOLY_TEX 4 71 114 67 42 2 -20.356579 19.889999 -19.890009  -20.356573 19.889999 -9.945009  -20.356577 9.945000 -19.890007 
GEOMPOLY_TEX 4 99 102 92 37 0 -17.403749 -20.904541 -12.390789  -12.431249 -20.904541 -12.390789  -17.403751 -20.904541 -17.363287 
GEOMPOLY_TEX 4 67 115 66 42 2 -20.356579 19.889999 -19.890009  -20.356573 19.889999 -9.945009  -20.356577 9.945000 -19.890007 
GEOMPOLY_TEX 4 97 102 99 53 0 -17.403749 -20.904541 -12.390789  -12.431249 -20.904541 -12.390789  -17.403751 -20.904541 -17.363287 
GEOMPOLY_TEX 4 68 115 67 49 2 -20.356579 19.889999 -19.890009  -20.356573 19.889999 -9.945009  -20.356577 9.945000 -19.890007 
GEOMPOLY_TEX 4 61 102 97 38 0 -17.403749 -20.904541 -12.390789  -12.431249 -20.904541 -12.390789  -17.403751 -20.904541 -17.363287 
GEOMPOLY_TEX 4 69 115 68 46 2 -20.356579 19.889999 -19.890009  -20.356573 19.889999 -9.945009  -20.356577 9.945000 -19.890007 
GEOMPOLY_TEX 4 62 116 61 38 2 -19.835945 19.889999 21.082495  -9.890944 19.889999 21.082489  -19.835943 9.945000 21.082493 
GEOMPOLY_TEX 4 59 116 62 48 2 -19.835945 19.889999 21.082495  -9.890944 19.889999 21.082489  -19.835943 9.945000 21.082493 
GEOMPOLY_TEX 4 63 116 59 45 2 -19.835945 19.889999 21.082495  -9.890944 19.889999 21.082489  -19.835943 9.945000 21.082493 
GEOMPOLY_TEX 4 82 30 75 124 0 -17.403749 -20.904541 -12.390789  -12.431249 -20.904541 -12.390789  -17.403751 -20.904541 -17.363287 
GEOMPOLY_TEX 4 60 123 86 32 1 -17.403749 20.889999 17.403751  -17.403751 20.889999 12.431253  -12.431249 20.889999 17.403751 
GEOMPOLY_TEX 4 63 122 92 28 2 20.643421 19.889999 -19.890009  20.643423 9.945000 -19.890007  20.643427 19.889999 -9.945009 
GEOMPOLY_TEX 4 84 121 85 29 2 19.109055 -20.055000 -20.917505  19.109051 -10.110001 -20.917507  9.164055 -20.055000 -20.917511 
GEOMPOLY_TEX 4 74 120 75 30 2 -20.356579 19.889999 -19.890009  -20.356573 19.889999 -9.945009  -20.356577 9.945000 -19.890007 
GEOMPOLY_TEX 4 64 119 65 31 2 -19.835945 19.889999 21.082495  -9.890944 19.889999 21.082489  -19.835943 9.945000 21.082493 
GEOMPOLY_TEX 4 54 118 57 35 2 -19.835945 19.889999 21.082495  -9.890944 19.889999 21.082489  -19.835943 9.945000 21.082493 
GEOMPOLY_TEX 4 58 117 60 32 2 -19.835945 19.889999 21.082495  -9.890944 19.889999 21.082489  -19.835943 9.945000 21.082493 
GEOMPOLY_TEX 4 61 116 63 28 2 -19.835945 19.889999 21.082495  -9.890944 19.889999 21.082489  -19.835943 9.945000 21.082493 
GEOMPOLY_TEX 4 66 115 69 34 2 -20.356579 19.889999 -19.890009  -20.356573 19.889999 -9.945009  -20.356577 9.945000 -19.890007 
GEOMPOLY_TEX 4 97 103 65 38 0 -17.403749 -20.904541 -12.390789  -12.431249 -20.904541 -12.390789  -17.403751 -20.904541 -17.363287 
GEOMPOLY_TEX 4 98 103 97 53 0 -17.403749 -20.904541 -12.390789  -12.431249 -20.904541 -12.390789  -17.403751 -20.904541 -17.363287 
GEOMPOLY_TEX 4 72 103 98 39 0 -17.403749 -20.904541 -12.390789  -12.431249 -20.904541 -12.390789  -17.403751 -20.904541 -17.363287 
GEOMPOLY_TEX 4 96 104 90 40 1 -17.403749 20.889999 17.403751  -17.403751 20.889999 12.431253  -12.431249 20.889999 17.403751 
GEOMPOLY_TEX 4 59 117 58 45 2 -19.835945 19.889999 21.082495  -9.890944 19.889999 21.082489  -19.835943 9.945000 21.082493 
GEOMPOLY_TEX 4 95 104 96 52 1 -17.403749 20.889999 17.403751  -17.403751 20.889999 12.431253  -12.431249 20.889999 17.403751 
GEOMPOLY_TEX 4 55 117 59 48 2 -19.835945 19.889999 21.082495  -9.890944 19.889999 21.082489  -19.835943 9.945000 21.082493 
GEOMPOLY_TEX 4 76 104 95 41 1 -17.403749 20.889999 17.403751  -17.403751 20.889999 12.431253  -12.431249 20.889999 17.403751 
GEOMPOLY_TEX 4 60 117 55 43 2 -19.835945 19.889999 21.082495  -9.890944 19.889999 21.082489  -19.835943 9.945000 21.082493 
GEOMPOLY_TEX 4 95 105 81 41 1 -17.403749 20.889999 17.403751  -17.403751 20.889999 12.431253  -12.431249 20.889999 17.403751 
GEOMPOLY_TEX 4 55 118 54 43 2 -19.835945 19.889999 21.082495  -9.890944 19.889999 21.082489  -19.835943 9.945000 21.082493 
GEOMPOLY_TEX 4 93 105 95 52 1 -17.403749 20.889999 17.403751  -17.403751 20.889999 12.431253  -12.431249 20.889999 17.403751 
GEOMPOLY_TEX 4 56 118 55 48 2 -19.835945 19.889999 21.082495  -9.890944 19.889999 21.082489  -19.835943 9.945000 21.082493 
GEOMPOLY_TEX 4 66 105 93 42 1 -17.403749 20.889999 17.403751  -17.403751 20.889999 12.431253  -12.431249 20.889999 17.403751 
GEOMPOLY_TEX 4 57 118 56 47 2 -19.835945 19.889999 21.082495  -9.890944 19.889999 21.082489  -19.835943 9.945000 21.082493 
GEOMPOLY_TEX 4 93 106 71 42 1 -17.403749 20.889999 17.403751  -17.403751 20.889999 12.431253  -12.431249 20.889999 17.403751 
GEOMPOLY_TEX 4 56 119 64 47 2 -19.835945 19.889999 21.082495  -9.890944 19.889999 21.082489  -19.835943 9.945000 21.082493 
GEOMPOLY_TEX 4 62 119 56 48 2 -19.835945 19.889999 21.082495  -9.890944 19.889999 21.082489  -19.835943 9.945000 21.082493 
GEOMPOLY_TEX 4 65 119 62 38 2 -19.835945 19.889999 21.082495  -9.890944 19.889999 21.082489  -19.835943 9.945000 21.082493 
GEOMPOLY_TEX 4 68 120 74 46 2 -20.356579 19.889999 -19.890009  -20.356573 19.889999 -9.945009  -20.356577 9.945000 -19.890007 
GEOMPOLY_TEX 4 94 106 93 52 1 -17.403749 20.889999 17.403751  -17.403751 20.889999 12.431253  -12.431249 20.889999 17.403751 
GEOMPOLY_TEX 4 54 106 94 43 1 -17.403749 20.889999 17.403751  -17.403751 20.889999 12.431253  -12.431249 20.889999 17.403751 
GEOMPOLY_TEX 4 84 107 89 44 2 20.643421 19.889999 -19.890009  20.643423 9.945000 -19.890007  20.643427 19.889999 -9.945009 
GEOMPOLY_TEX 4 89 108 79 44 2 20.643421 19.889999 -19.890009  20.643423 9.945000 -19.890007  20.643427 19.889999 -9.945009 
GEOMPOLY_TEX 4 73 120 68 49 2 -20.356579 19.889999 -19.890009  -20.356573 19.889999 -9.945009  -20.356577 9.945000 -19.890007 
GEOMPOLY_TEX 4 87 108 89 51 2 20.643421 19.889999 -19.890009  20.643423 9.945000 -19.890007  20.643427 19.889999 -9.945009 
GEOMPOLY_TEX 4 75 120 73 39 2 -20.356579 19.889999 -19.890009  -20.356573 19.889999 -9.945009  -20.356577 9.945000 -19.890007 
GEOMPOLY_TEX 4 90 108 87 40 2 20.643421 19.889999 -19.890009  20.643423 9.945000 -19.890007  20.643427 19.889999 -9.945009 
GEOMPOLY_TEX 4 78 121 84 44 2 19.109055 -20.055000 -20.917505  19.109051 -10.110001 -20.917507  9.164055 -20.055000 -20.917511 
GEOMPOLY_TEX 4 87 109 86 40 2 20.643421 19.889999 -19.890009  20.643423 9.945000 -19.890007  20.643427 19.889999 -9.945009 
GEOMPOLY_TEX 4 83 121 78 50 2 19.109055 -20.055000 -20.917505  19.109051 -10.110001 -20.917507  9.164055 -20.055000 -20.917511 
GEOMPOLY_TEX 4 88 109 87 51 2 20.643421 19.889999 -19.890009  20.643423 9.945000 -19.890007  20.643427 19.889999 -9.945009 
GEOMPOLY_TEX 4 85 121 83 36 2 19.109055 -20.055000 -20.917505  19.109051 -10.110001 -20.917507  9.164055 -20.055000 -20.917511 
GEOMPOLY_TEX 4 58 109 88 45 2 20.643421 19.889999 -19.890009  20.643423 9.945000 -19.890007  20.643427 19.889999 -9.945009 
GEOMPOLY_TEX 4 88 122 63 45 2 20.643421 19.889999 -19.890009  20.643423 9.945000 -19.890007  20.643427 19.889999 -9.945009 
GEOMPOLY_TEX 4 83 110 82 36 2 19.109055 -20.055000 -20.917505  19.109051 -10.110001 -20.917507  9.164055 -20.055000 -20.917511 
GEOMPOLY_TEX 4 94 123 60 43 1 -17.403749 20.889999 17.403751  -17.403751 20.889999 12.431253  -12.431249 20.889999 17.403751 
GEOMPOLY_TEX 4 96 123 94 52 1 -17.403749 20.889999 17.403751  -17.403751 20.889999 12.431253  -12.431249 20.889999 17.403751 
GEOMPOLY_TEX 4 86 123 96 40 1 -17.403749 20.889999 17.403751  -17.403751 20.889999 12.431253  -12.431249 20.889999 17.403751 
GEOMPOLY_TEX 4 75 39 98 124 0 -17.403749 -20.904541 -12.390789  -12.431249 -20.904541 -12.390789  -17.403751 -20.904541 -17.363287 
PORTALPOLY 4 89 91 92 88 HALL1
ACTOR TORCH1 ../lib/dynamics/plugins/seeker/seeker.so -15.089525 -19.070259 6.752696 1.000000 0.000000 0.000000 0.000000 1.000000 0.000000 0.000000 0.000000 1.000000 spaceship.obj spaceship.ppm spaceship.uv 
ACTOR TORCH2 ../lib/dynamics/plugins/seeker/seeker.so -5.402133 -19.070259 12.952627 1.000000 0.000000 0.000000 0.000000 1.000000 0.000000 0.000000 0.000000 1.000000 spaceship.obj spaceship.ppm spaceship.uv 
ACTOR TORCH3 ../lib/dynamics/plugins/seeker/seeker.so -12.377054 -19.070259 14.502610 1.000000 0.000000 0.000000 0.000000 1.000000 0.000000 0.000000 0.000000 1.000000 spaceship.obj spaceship.ppm spaceship.uv 
SECTOR ROOM2
145 103
0 24.093500 -20.904541 43.133965
1 28.071501 -20.904541 47.111961
2 24.093500 -20.904541 47.111961
3 24.093502 36.383049 102.920403
4 28.071503 36.383049 102.920403
5 24.093502 36.383049 98.942406
6 31.109058 35.383049 107.096390
7 21.164059 25.438049 107.096390
8 21.164057 35.383049 107.096397
9 21.164055 35.889999 39.082497
10 21.164057 25.945000 39.082493
11 31.109056 35.889999 39.082489
12 20.643427 35.889999 50.054993
13 20.643423 25.945000 40.109993
14 20.643421 35.889999 40.109993
15 80.643417 35.889999 40.109989
16 80.643425 25.945000 40.109993
17 80.643425 35.889999 50.054993
18 40.000000 -20.000000 40.000000
19 40.000000 0.000000 40.000000
20 60.000000 0.000000 40.000000
21 60.000000 -20.000000 40.000000
22 80.000000 -20.000000 40.000000
23 22.000000 -20.000000 40.000000
24 22.110006 -19.889999 106.346924
25 79.890007 -19.889999 106.346924
26 79.889992 35.579338 40.109993
27 22.109993 35.579338 40.110016
28 22.110004 35.579338 106.346939
29 79.889999 35.579338 106.346924
30 22.110004 -19.889999 67.543083
31 50.000000 -19.889999 44.110001
32 79.889999 -19.889999 67.543083
33 50.000008 -19.889999 106.346924
34 49.999992 35.579338 40.110001
35 22.110001 35.579338 67.543091
36 50.000008 35.579338 106.346924
37 79.889999 35.579338 67.543076
38 22.000000 0.000000 40.000000
39 80.000000 0.000000 40.000000
40 22.110006 0.000000 106.346939
41 79.890007 0.000000 106.346924
42 79.889999 0.000000 67.543076
43 50.000008 0.000000 106.346924
44 22.110001 0.000000 67.543091
45 49.999996 4.000000 40.110001
46 50.000000 35.579338 67.543083
47 50.000008 -19.889999 67.543083
48 79.889999 35.579338 86.945000
49 79.889999 14.255659 67.543076
50 79.889999 0.000000 86.945000
51 79.889999 14.255659 106.346924
52 79.889992 14.255659 40.109993
53 79.889999 0.000000 50.055000
54 79.889992 35.579338 50.054993
55 79.889999 -19.889999 50.055000
56 79.889999 -9.945000 67.543076
57 80.000000 -10.000000 40.000000
58 79.890007 -9.945000 106.346924
59 79.890007 -19.889999 86.945000
60 40.055008 35.579338 106.346939
61 50.000008 14.255659 106.346924
62 40.055008 0.000000 106.346924
63 22.110004 14.255659 106.346939
64 59.945007 0.000000 106.346924
65 59.945007 35.579338 106.346924
66 59.945007 -19.889999 106.346924
67 50.000008 -9.945000 106.346924
68 22.110006 -9.945000 106.346939
69 40.055008 -19.889999 106.346924
70 22.109997 35.579338 50.055008
71 22.110001 14.255659 67.543091
72 22.110001 0.000000 50.055008
73 22.109993 14.255659 40.110016
74 22.110004 0.000000 86.945015
75 22.110004 35.579338 86.945015
76 22.110004 -19.889999 86.945000
77 22.110004 -9.945000 67.543091
78 22.000000 -10.000000 40.000000
79 22.110004 -19.889999 50.055000
80 59.944992 35.579338 40.110001
81 49.999992 14.255659 40.110001
82 40.054993 35.579338 40.110008
83 50.000000 35.579338 86.945015
84 59.945000 35.579338 67.543083
85 40.055000 35.579338 67.543091
86 49.999996 35.579338 50.055008
87 59.945007 -19.889999 67.543083
88 50.000008 -19.889999 86.945000
89 50.000000 -19.889999 50.055000
90 40.055004 -19.889999 67.543083
91 40.055004 -19.889999 50.055000
92 59.945000 -19.889999 50.055000
93 59.945007 -19.889999 86.945000
94 40.054996 35.579338 50.055008
95 40.055004 35.579338 86.945015
96 59.945000 35.579338 86.945000
97 27.000000 -10.000000 40.000000
98 40.054993 14.255659 40.110008
99 59.944992 14.255659 40.110001
100 22.110004 -9.945000 86.945015
101 22.110004 14.255659 86.945015
102 22.109997 14.255659 50.055008
103 59.945007 -9.945000 106.346924
104 59.945007 14.255659 106.346924
105 40.055008 14.255659 106.346939
106 79.889999 -9.945000 50.055000
107 79.889999 14.255659 50.054993
108 79.889999 14.255659 86.945000
109 79.889999 -9.945000 86.945000
110 40.055008 -9.945000 106.346924
111 22.110001 -9.945000 50.055008
112 64.000000 -10.000000 40.000000
113 59.944992 35.579338 50.055000
114 40.055008 -19.889999 86.945000
115 50.422684 4.891637 71.099808
116 51.422684 4.891637 71.099808
117 50.422684 4.891637 71.099808
118 51.422684 4.891637 71.099808
119 50.422684 4.891637 71.099808
120 51.422684 4.891637 71.099808
121 50.422684 4.891637 71.099808
122 51.422684 4.891637 71.099808
123 50.422684 4.891637 71.099808
124 51.422684 4.891637 71.099808
125 50.422684 4.891637 71.099808
126 50.422684 4.891637 72.099808
127 50.422684 4.891637 71.099808
128 50.422684 5.891637 71.099808
129 51.422684 4.391637 70.599808
130 51.422684 5.391637 71.599808
131 51.422684 5.391637 70.599808
132 51.422684 4.391637 71.599808
133 50.422684 4.891637 71.099808
134 51.422684 4.891637 71.099808
135 50.422684 4.891637 71.099808
136 51.422684 4.891637 71.099808
137 50.422684 4.891637 71.099808
138 51.422684 4.891637 71.099808
139 50.422684 4.891637 71.099808
140 51.422684 4.891637 71.099808
141 50.422684 4.891637 71.099808
142 51.422684 4.891637 71.099808
143 50.422684 4.891637 71.099808
144 50.422684 4.891637 72.099808
GEOMPOLY_TEX 4 68 110 69 24 2 21.164057 35.383049 107.096397  31.109058 35.383049 107.096390  21.164059 25.438049 107.096390 
GEOMPOLY_TEX 4 58 109 59 25 2 80.643417 35.889999 40.109989  80.643425 25.945000 40.109993  80.643425 35.889999 50.054993 
GEOMPOLY_TEX 4 48 108 51 29 2 80.643417 35.889999 40.109989  80.643425 25.945000 40.109993  80.643425 35.889999 50.054993 
GEOMPOLY_TEX 4 52 107 54 26 2 80.643417 35.889999 40.109989  80.643425 25.945000 40.109993  80.643425 35.889999 50.054993 
GEOMPOLY_TEX 4 81 98 19 45 2 21.164055 35.889999 39.082497  21.164057 25.945000 39.082493  31.109056 35.889999 39.082489 
GEOMPOLY_TEX 4 55 106 57 22 2 80.643417 35.889999 40.109989  80.643425 25.945000 40.109993  80.643425 35.889999 50.054993 
GEOMPOLY_TEX 4 82 98 81 34 2 21.164055 35.889999 39.082497  21.164057 25.945000 39.082493  31.109056 35.889999 39.082489 
GEOMPOLY_TEX 4 60 105 63 28 2 21.164057 35.383049 107.096397  31.109058 35.383049 107.096390  21.164059 25.438049 107.096390 
GEOMPOLY_TEX 4 81 99 80 34 2 21.164055 35.889999 39.082497  21.164057 25.945000 39.082493  31.109056 35.889999 39.082489 
GEOMPOLY_TEX 4 51 104 65 29 2 21.164057 35.383049 107.096397  31.109058 35.383049 107.096390  21.164059 25.438049 107.096390 
GEOMPOLY_TEX 4 20 99 81 45 2 21.164055 35.889999 39.082497  21.164057 25.945000 39.082493  31.109056 35.889999 39.082489 
GEOMPOLY_TEX 4 66 103 58 25 2 21.164057 35.383049 107.096397  31.109058 35.383049 107.096390  21.164059 25.438049 107.096390 
GEOMPOLY_TEX 4 79 111 77 30 2 20.643421 35.889999 40.109993  20.643427 35.889999 50.054993  20.643423 25.945000 40.109993 
GEOMPOLY_TEX 4 52 99 20 39 2 21.164055 35.889999 39.082497  21.164057 25.945000 39.082493  31.109056 35.889999 39.082489 
GEOMPOLY_TEX 4 70 102 73 27 2 20.643421 35.889999 40.109993  20.643427 35.889999 50.054993  20.643423 25.945000 40.109993 
GEOMPOLY_TEX 4 20 112 57 39 2 21.164055 35.889999 39.082497  21.164057 25.945000 39.082493  31.109056 35.889999 39.082489 
GEOMPOLY_TEX 4 77 100 76 30 2 20.643421 35.889999 40.109993  20.643427 35.889999 50.054993  20.643423 25.945000 40.109993 
GEOMPOLY_TEX 4 63 101 75 28 2 20.643421 35.889999 40.109993  20.643427 35.889999 50.054993  20.643423 25.945000 40.109993 
GEOMPOLY_TEX 4 84 113 54 37 1 24.093502 36.383049 102.920403  24.093502 36.383049 98.942406  28.071503 36.383049 102.920403 
GEOMPOLY_TEX 4 74 100 77 44 2 20.643421 35.889999 40.109993  20.643427 35.889999 50.054993  20.643423 25.945000 40.109993 
GEOMPOLY_TEX 4 86 113 84 46 1 24.093502 36.383049 102.920403  24.093502 36.383049 98.942406  28.071503 36.383049 102.920403 
GEOMPOLY_TEX 4 68 100 74 40 2 20.643421 35.889999 40.109993  20.643427 35.889999 50.054993  20.643423 25.945000 40.109993 
GEOMPOLY_TEX 4 80 113 86 34 1 24.093502 36.383049 102.920403  24.093502 36.383049 98.942406  28.071503 36.383049 102.920403 
GEOMPOLY_TEX 4 74 101 63 40 2 20.643421 35.889999 40.109993  20.643427 35.889999 50.054993  20.643423 25.945000 40.109993 
GEOMPOLY_TEX 4 69 33 88 114 0 24.093500 -20.904541 47.111961  28.071501 -20.904541 47.111961  24.093500 -20.904541 43.133965 
GEOMPOLY_TEX 4 71 101 74 44 2 20.643421 35.889999 40.109993  20.643427 35.889999 50.054993  20.643423 25.945000 40.109993 
GEOMPOLY_TEX 4 88 47 90 114 0 24.093500 -20.904541 47.111961  28.071501 -20.904541 47.111961  24.093500 -20.904541 43.133965 
GEOMPOLY_TEX 4 90 30 76 114 0 24.093500 -20.904541 47.111961  28.071501 -20.904541 47.111961  24.093500 -20.904541 43.133965 
GEOMPOLY_TEX 3 97 18 19 2 21.164055 35.889999 39.082497  21.164057 25.945000 39.082493  31.109056 35.889999 39.082489 
GEOMPOLY_TEX 3 21 112 20 2 21.164055 35.889999 39.082497  21.164057 25.945000 39.082493  31.109056 35.889999 39.082489 
GEOMPOLY_TEX 4 76 100 68 24 2 20.643421 35.889999 40.109993  20.643427 35.889999 50.054993  20.643423 25.945000 40.109993 
GEOMPOLY_TEX 4 80 99 52 26 2 21.164055 35.889999 39.082497  21.164057 25.945000 39.082493  31.109056 35.889999 39.082489 
GEOMPOLY_TEX 4 73 98 82 27 2 21.164055 35.889999 39.082497  21.164057 25.945000 39.082493  31.109056 35.889999 39.082489 
GEOMPOLY_TEX 4 78 23 18 97 2 21.164055 35.889999 39.082497  21.164057 25.945000 39.082493  31.109056 35.889999 39.082489 
GEOMPOLY_TEX 4 75 101 71 35 2 20.643421 35.889999 40.109993  20.643427 35.889999 50.054993  20.643423 25.945000 40.109993 
GEOMPOLY_TEX 4 65 96 48 29 1 24.093502 36.383049 102.920403  24.093502 36.383049 98.942406  28.071503 36.383049 102.920403 
GEOMPOLY_TEX 4 71 102 70 35 2 20.643421 35.889999 40.109993  20.643427 35.889999 50.054993  20.643423 25.945000 40.109993 
GEOMPOLY_TEX 4 75 95 60 28 1 24.093502 36.383049 102.920403  24.093502 36.383049 98.942406  28.071503 36.383049 102.920403 
GEOMPOLY_TEX 4 72 102 71 44 2 20.643421 35.889999 40.109993  20.643427 35.889999 50.054993  20.643423 25.945000 40.109993 
GEOMPOLY_TEX 4 82 94 70 27 1 24.093502 36.383049 102.920403  24.093502 36.383049 98.942406  28.071503 36.383049 102.920403 
GEOMPOLY_TEX 4 73 102 72 38 2 20.643421 35.889999 40.109993  20.643427 35.889999 50.054993  20.643423 25.945000 40.109993 
GEOMPOLY_TEX 4 59 93 66 25 0 24.093500 -20.904541 47.111961  28.071501 -20.904541 47.111961  24.093500 -20.904541 43.133965 
GEOMPOLY_TEX 4 67 103 66 33 2 21.164057 35.383049 107.096397  31.109058 35.383049 107.096390  21.164059 25.438049 107.096390 
GEOMPOLY_TEX 4 21 92 55 22 0 24.093500 -20.904541 47.111961  28.071501 -20.904541 47.111961  24.093500 -20.904541 43.133965 
GEOMPOLY_TEX 4 64 103 67 43 2 21.164057 35.383049 107.096397  31.109058 35.383049 107.096390  21.164059 25.438049 107.096390 
GEOMPOLY_TEX 4 79 91 18 23 0 24.093500 -20.904541 47.111961  28.071501 -20.904541 47.111961  24.093500 -20.904541 43.133965 
GEOMPOLY_TEX 4 58 103 64 41 2 21.164057 35.383049 107.096397  31.109058 35.383049 107.096390  21.164059 25.438049 107.096390 
GEOMPOLY_TEX 4 64 104 51 41 2 21.164057 35.383049 107.096397  31.109058 35.383049 107.096390  21.164059 25.438049 107.096390 
GEOMPOLY_TEX 4 61 104 64 43 2 21.164057 35.383049 107.096397  31.109058 35.383049 107.096390  21.164059 25.438049 107.096390 
GEOMPOLY_TEX 4 65 104 61 36 2 21.164057 35.383049 107.096397  31.109058 35.383049 107.096390  21.164059 25.438049 107.096390 
GEOMPOLY_TEX 3 15 16 17 2 80.643417 35.889999 40.109989  80.643425 25.945000 40.109993  80.643425 35.889999 50.054993 
GEOMPOLY_TEX 3 13 14 12 2 20.643421 35.889999 40.109993  20.643427 35.889999 50.054993  20.643423 25.945000 40.109993 
GEOMPOLY_TEX 3 9 10 11 2 21.164055 35.889999 39.082497  21.164057 25.945000 39.082493  31.109056 35.889999 39.082489 
GEOMPOLY_TEX 3 7 8 6 2 21.164057 35.383049 107.096397  31.109058 35.383049 107.096390  21.164059 25.438049 107.096390 
GEOMPOLY_TEX 3 4 3 5 1 24.093502 36.383049 102.920403  24.093502 36.383049 98.942406  28.071503 36.383049 102.920403 
GEOMPOLY_TEX 3 2 1 0 0 24.093500 -20.904541 47.111961  28.071501 -20.904541 47.111961  24.093500 -20.904541 43.133965 
GEOMPOLY_TEX 4 76 24 69 114 0 24.093500 -20.904541 47.111961  28.071501 -20.904541 47.111961  24.093500 -20.904541 43.133965 
GEOMPOLY_TEX 4 54 113 80 26 1 24.093502 36.383049 102.920403  24.093502 36.383049 98.942406  28.071503 36.383049 102.920403 
GEOMPOLY_TEX 4 57 112 21 22 2 21.164055 35.889999 39.082497  21.164057 25.945000 39.082493  31.109056 35.889999 39.082489 
GEOMPOLY_TEX 4 78 111 79 23 2 20.643421 35.889999 40.109993  20.643427 35.889999 50.054993  20.643423 25.945000 40.109993 
GEOMPOLY_TEX 4 90 91 79 30 0 24.093500 -20.904541 47.111961  28.071501 -20.904541 47.111961  24.093500 -20.904541 43.133965 
GEOMPOLY_TEX 4 89 91 90 47 0 24.093500 -20.904541 47.111961  28.071501 -20.904541 47.111961  24.093500 -20.904541 43.133965 
GEOMPOLY_TEX 4 89 31 18 91 0 24.093500 -20.904541 47.111961  28.071501 -20.904541 47.111961  24.093500 -20.904541 43.133965 
GEOMPOLY_TEX 4 89 92 21 31 0 24.093500 -20.904541 47.111961  28.071501 -20.904541 47.111961  24.093500 -20.904541 43.133965 
GEOMPOLY_TEX 4 61 105 60 36 2 21.164057 35.383049 107.096397  31.109058 35.383049 107.096390  21.164059 25.438049 107.096390 
GEOMPOLY_TEX 4 87 92 89 47 0 24.093500 -20.904541 47.111961  28.071501 -20.904541 47.111961  24.093500 -20.904541 43.133965 
GEOMPOLY_TEX 4 62 105 61 43 2 21.164057 35.383049 107.096397  31.109058 35.383049 107.096390  21.164059 25.438049 107.096390 
GEOMPOLY_TEX 4 55 92 87 32 0 24.093500 -20.904541 47.111961  28.071501 -20.904541 47.111961  24.093500 -20.904541 43.133965 
GEOMPOLY_TEX 4 63 105 62 40 2 21.164057 35.383049 107.096397  31.109058 35.383049 107.096390  21.164059 25.438049 107.096390 
GEOMPOLY_TEX 4 87 93 59 32 0 24.093500 -20.904541 47.111961  28.071501 -20.904541 47.111961  24.093500 -20.904541 43.133965 
GEOMPOLY_TEX 4 56 106 55 32 2 80.643417 35.889999 40.109989  80.643425 25.945000 40.109993  80.643425 35.889999 50.054993 
GEOMPOLY_TEX 4 88 93 87 47 0 24.093500 -20.904541 47.111961  28.071501 -20.904541 47.111961  24.093500 -20.904541 43.133965 
GEOMPOLY_TEX 4 53 106 56 42 2 80.643417 35.889999 40.109989  80.643425 25.945000 40.109993  80.643425 35.889999 50.054993 
GEOMPOLY_TEX 4 66 93 88 33 0 24.093500 -20.904541 47.111961  28.071501 -20.904541 47.111961  24.093500 -20.904541 43.133965 
GEOMPOLY_TEX 4 57 106 53 39 2 80.643417 35.889999 40.109989  80.643425 25.945000 40.109993  80.643425 35.889999 50.054993 
GEOMPOLY_TEX 4 86 94 82 34 1 24.093502 36.383049 102.920403  24.093502 36.383049 98.942406  28.071503 36.383049 102.920403 
GEOMPOLY_TEX 4 53 107 52 39 2 80.643417 35.889999 40.109989  80.643425 25.945000 40.109993  80.643425 35.889999 50.054993 
GEOMPOLY_TEX 4 49 107 53 42 2 80.643417 35.889999 40.109989  80.643425 25.945000 40.109993  80.643425 35.889999 50.054993 
GEOMPOLY_TEX 4 54 107 49 37 2 80.643417 35.889999 40.109989  80.643425 25.945000 40.109993  80.643425 35.889999 50.054993 
GEOMPOLY_TEX 4 49 108 48 37 2 80.643417 35.889999 40.109989  80.643425 25.945000 40.109993  80.643425 35.889999 50.054993 
GEOMPOLY_TEX 3 19 20 45 2 21.164055 35.889999 39.082497  21.164057 25.945000 39.082493  31.109056 35.889999 39.082489 
GEOMPOLY_TEX 3 21 18 31 0 24.093500 -20.904541 47.111961  28.071501 -20.904541 47.111961  24.093500 -20.904541 43.133965 
GEOMPOLY_TEX 4 85 94 86 46 1 24.093502 36.383049 102.920403  24.093502 36.383049 98.942406  28.071503 36.383049 102.920403 
GEOMPOLY_TEX 4 70 94 85 35 1 24.093502 36.383049 102.920403  24.093502 36.383049 98.942406  28.071503 36.383049 102.920403 
GEOMPOLY_TEX 4 85 95 75 35 1 24.093502 36.383049 102.920403  24.093502 36.383049 98.942406  28.071503 36.383049 102.920403 
GEOMPOLY_TEX 4 83 95 85 46 1 24.093502 36.383049 102.920403  24.093502 36.383049 98.942406  28.071503 36.383049 102.920403 
GEOMPOLY_TEX 4 50 108 49 42 2 80.643417 35.889999 40.109989  80.643425 25.945000 40.109993  80.643425 35.889999 50.054993 
GEOMPOLY_TEX 4 60 95 83 36 1 24.093502 36.383049 102.920403  24.093502 36.383049 98.942406  28.071503 36.383049 102.920403 
GEOMPOLY_TEX 4 51 108 50 41 2 80.643417 35.889999 40.109989  80.643425 25.945000 40.109993  80.643425 35.889999 50.054993 
GEOMPOLY_TEX 4 83 96 65 36 1 24.093502 36.383049 102.920403  24.093502 36.383049 98.942406  28.071503 36.383049 102.920403 
GEOMPOLY_TEX 4 50 109 58 41 2 80.643417 35.889999 40.109989  80.643425 25.945000 40.109993  80.643425 35.889999 50.054993 
GEOMPOLY_TEX 4 84 96 83 46 1 24.093502 36.383049 102.920403  24.093502 36.383049 98.942406  28.071503 36.383049 102.920403 
GEOMPOLY_TEX 4 56 109 50 42 2 80.643417 35.889999 40.109989  80.643425 25.945000 40.109993  80.643425 35.889999 50.054993 
GEOMPOLY_TEX 4 48 96 84 37 1 24.093502 36.383049 102.920403  24.093502 36.383049 98.942406  28.071503 36.383049 102.920403 
GEOMPOLY_TEX 4 59 109 56 32 2 80.643417 35.889999 40.109989  80.643425 25.945000 40.109993  80.643425 35.889999 50.054993 
GEOMPOLY_TEX 4 78 97 19 38 2 21.164055 35.889999 39.082497  21.164057 25.945000 39.082493  31.109056 35.889999 39.082489 
GEOMPOLY_TEX 4 62 110 68 40 2 21.164057 35.383049 107.096397  31.109058 35.383049 107.096390  21.164059 25.438049 107.096390 
GEOMPOLY_TEX 4 19 98 73 38 2 21.164055 35.889999 39.082497  21.164057 25.945000 39.082493  31.109056 35.889999 39.082489 
GEOMPOLY_TEX 4 67 110 62 43 2 21.164057 35.383049 107.096397  31.109058 35.383049 107.096390  21.164059 25.438049 107.096390 
GEOMPOLY_TEX 4 69 110 67 33 2 21.164057 35.383049 107.096397  31.109058 35.383049 107.096390  21.164059 25.438049 107.096390 
GEOMPOLY_TEX 4 72 111 78 38 2 20.643421 35.889999 40.109993  20.643427 35.889999 50.054993  20.643423 25.945000 40.109993 
GEOMPOLY_TEX 4 77 111 72 44 2 20.643421 35.889999 40.109993  20.643427 35.889999 50.054993  20.643423 25.945000 40.109993 
PORTALPOLY 4 19 18 21 20 HALL2
